,date,open,close,high,low,volume,money,factor
0,2022-08-12,11.5,11.24,11.52,11.08,30962875.0,348643158.0,2.703911
1,2022-08-15,11.07,11.74,12.36,10.94,53366070.0,636236676.0,2.703911
2,2022-08-16,11.69,11.44,11.79,11.35,32560974.0,375525987.0,2.703911
3,2022-08-17,11.38,11.51,12.17,11.38,35163179.0,411289302.0,2.703911
4,2022-08-18,11.36,11.59,11.98,11.34,27238940.0,315341073.0,2.703911
5,2022-08-19,11.48,11.08,11.5,11.08,24044960.0,269304855.0,2.703911
6,2022-08-22,11.13,10.93,11.13,10.75,13315356.0,144752431.0,2.703911
7,2022-08-23,10.89,11.03,11.06,10.86,11012604.0,120837924.0,2.703911
8,2022-08-24,11.04,10.33,11.04,10.32,17451820.0,184885265.0,2.703911
9,2022-08-25,10.38,10.33,10.43,10.05,9688840.0,99164119.0,2.703911
10,2022-08-26,10.35,10.4,10.65,10.28,10620900.0,111074562.0,2.703911
11,2022-08-29,10.3,10.61,10.64,10.17,8406660.0,88076736.0,2.703911
12,2022-08-30,10.59,10.63,10.74,10.4,9717360.0,102964491.0,2.703911
13,2022-08-31,10.57,10.12,10.59,10.08,10421608.0,106566010.0,2.703911
14,2022-09-01,10.11,9.86,10.22,9.8,8427020.0,83975749.0,2.703911
15,2022-09-02,9.8,10.85,10.85,9.79,30582924.0,323459687.0,2.703911
16,2022-09-05,11.12,10.92,11.64,10.69,43515404.0,486337360.0,2.703911
17,2022-09-06,10.99,10.79,11.06,10.62,24952200.0,268345930.0,2.703911
18,2022-09-07,10.81,10.85,10.92,10.7,15192020.0,164502570.0,2.703911
19,2022-09-08,10.75,10.82,11.05,10.61,19289034.0,210179188.0,2.703911
20,2022-09-09,10.81,10.29,10.82,10.25,18122706.0,188968842.0,2.703911
21,2022-09-13,10.32,10.53,10.9,10.3,12709960.0,133833210.0,2.703911
22,2022-09-14,10.25,10.29,10.48,10.12,9196588.0,94362174.0,2.703911
23,2022-09-15,10.3,9.98,10.39,9.82,11404400.0,114168848.0,2.703911
24,2022-09-16,9.99,9.99,10.13,9.74,8797160.0,87543342.0,2.703911
25,2022-09-19,9.9,10.1,10.34,9.85,11596468.0,117423114.0,2.703911
26,2022-09-20,10.11,10.22,10.36,10.11,10157988.0,103830078.0,2.703911
27,2022-09-21,10.05,10.13,10.15,9.9,7785480.0,78017241.0,2.703911
28,2022-09-22,9.99,10.04,10.2,9.96,6958297.0,70004170.0,2.703911
29,2022-09-23,10.0,9.58,10.03,9.56,9040571.0,88151028.0,2.703911
30,2022-09-26,9.46,9.3,9.55,9.26,6565168.0,61635851.0,2.703911
31,2022-09-27,9.37,9.52,9.55,9.28,5971188.0,56260503.0,2.703911
32,2022-09-28,9.53,8.89,9.53,8.88,8654660.0,78907844.0,2.703911
33,2022-09-29,9.06,8.81,9.14,8.75,5931071.0,52850853.0,2.703911
34,2022-09-30,8.7,8.55,8.9,8.55,4747920.0,41209423.0,2.703911
35,2022-10-10,8.63,8.42,8.75,8.35,4569680.0,38983150.0,2.703911
36,2022-10-11,8.41,8.55,8.6,8.37,4275183.0,36304497.0,2.703911
37,2022-10-12,8.51,8.78,8.8,8.38,6531123.0,56225233.0,2.703911
38,2022-10-13,8.7,8.83,8.93,8.65,5892660.0,52031929.0,2.703911
39,2022-10-14,8.83,8.91,9.01,8.83,4816100.0,43041503.0,2.703911
40,2022-10-17,8.88,9.02,9.03,8.85,4832560.0,43329365.0,2.703911
41,2022-10-18,9.07,9.08,9.1,8.92,5659828.0,50942835.0,2.703911
42,2022-10-19,9.03,9.41,9.9,8.97,13801228.0,129254584.0,2.703911
43,2022-10-20,9.4,9.6,9.81,9.09,16760029.0,158816121.0,2.703911
44,2022-10-21,9.46,9.64,9.73,9.32,13570568.0,129735950.0,2.703911
45,2022-10-24,9.64,9.62,9.95,9.49,11718911.0,114095029.0,2.703911
46,2022-10-25,9.53,9.48,9.61,9.29,8391500.0,79297395.0,2.703911
47,2022-10-26,9.55,9.61,9.61,9.39,7950392.0,75637346.0,2.703911
48,2022-10-27,9.59,9.42,9.69,9.39,6924280.0,65925965.0,2.703911
49,2022-10-28,9.36,9.03,9.4,8.95,7310112.0,67082644.0,2.703911
50,2022-10-31,8.99,9.29,9.4,8.99,7107062.0,66001292.0,2.703911
51,2022-11-01,9.35,9.31,9.37,9.18,6590772.0,61059406.0,2.703911
52,2022-11-02,9.25,9.38,9.46,9.25,6970720.0,65379226.0,2.703911
53,2022-11-03,9.32,9.46,9.5,9.27,6873820.0,64834048.0,2.703911
54,2022-11-04,9.43,9.69,9.85,9.41,13034616.0,125918247.0,2.703911
55,2022-11-07,9.58,9.66,9.76,9.51,8752040.0,84676134.0,2.703911
56,2022-11-08,9.7,9.52,9.7,9.47,5882400.0,56140873.0,2.703911
57,2022-11-09,9.55,9.43,9.65,9.43,5069252.0,48285101.0,2.703911
58,2022-11-10,9.46,9.36,9.49,9.31,4594416.0,43168191.0,2.703911
59,2022-11-11,9.5,9.31,9.59,9.3,6055040.0,57180370.0,2.703911
60,2022-11-14,9.3,9.22,9.38,9.17,4405628.0,40836676.0,2.703911
61,2022-11-15,9.23,9.56,9.56,9.19,7265211.0,68722626.0,2.703911
62,2022-11-16,9.63,9.47,9.63,9.44,5023600.0,47758525.0,2.703911
63,2022-11-17,9.44,9.41,9.44,9.3,3863400.0,36112797.0,2.703911
64,2022-11-18,9.41,9.1,9.47,9.1,6567020.0,60775570.0,2.703911
65,2022-11-21,9.08,9.16,9.28,8.95,3906600.0,35436042.0,2.703911
66,2022-11-22,9.16,8.94,9.18,8.89,4162000.0,37561443.0,2.703911
67,2022-11-23,8.98,8.86,8.98,8.67,4464100.0,39306657.0,2.703911
68,2022-11-24,8.86,8.89,8.93,8.82,2528048.0,22446932.0,2.703911
69,2022-11-25,8.93,8.75,8.97,8.73,3137061.0,27590245.0,2.703911
70,2022-11-28,8.65,8.76,8.82,8.59,2450000.0,21433657.0,2.703911
71,2022-11-29,8.66,8.86,8.87,8.66,3098980.0,27306309.0,2.703911
72,2022-11-30,8.86,8.98,9.05,8.82,4405890.0,39510116.0,2.703911
73,2022-12-01,9.05,8.94,9.08,8.92,3422479.0,30755508.0,2.703911
74,2022-12-02,8.9,8.93,8.97,8.9,2833500.0,25302993.0,2.703911
75,2022-12-05,9.0,8.94,9.01,8.88,3355300.0,29962354.0,2.703911
76,2022-12-06,8.92,9.01,9.05,8.88,4733000.0,42486472.0,2.703911
77,2022-12-07,9.01,8.88,9.03,8.86,3613685.0,32280512.0,2.703911
78,2022-12-08,8.89,8.86,8.94,8.81,2866280.0,25441536.0,2.703911
79,2022-12-09,8.89,8.78,8.89,8.72,3303320.0,29038046.0,2.703911
80,2022-12-12,8.73,8.69,8.78,8.65,2033260.0,17694464.0,2.703911
81,2022-12-13,8.77,8.62,8.85,8.61,3727300.0,32459162.0,2.703911
82,2022-12-14,8.69,8.81,9.08,8.68,5275095.0,46656981.0,2.703911
83,2022-12-15,8.71,8.99,9.1,8.71,7032630.0,62926097.0,2.703911
84,2022-12-16,8.99,8.76,9.0,8.75,4987490.0,44093349.0,2.703911
85,2022-12-19,8.68,8.46,8.77,8.4,4961992.0,42442177.0,2.703911
86,2022-12-20,8.45,8.56,8.62,8.28,3538080.0,30026729.0,2.703911
87,2022-12-21,8.56,8.37,8.6,8.31,2453200.0,20655700.0,2.703911
88,2022-12-22,8.38,8.1,8.45,8.09,3738372.0,30714484.0,2.703911
89,2022-12-23,8.1,8.0,8.13,7.93,3367671.0,26996851.0,2.703911
90,2022-12-26,8.03,8.21,8.21,8.01,2524776.0,20579876.0,2.703911
91,2022-12-27,8.24,8.25,8.3,8.08,2433812.0,19949573.0,2.703911
92,2022-12-28,8.25,8.01,8.25,8.0,2666423.0,21524679.0,2.703911
93,2022-12-29,8.02,7.97,8.08,7.96,1869300.0,14971278.0,2.703911
94,2022-12-30,8.01,8.04,8.13,8.01,1999520.0,16119177.0,2.703911
95,2023-01-03,8.04,8.23,8.26,7.98,2497243.0,20364276.0,2.703911
96,2023-01-04,8.23,8.24,8.3,8.18,2399220.0,19752968.0,2.703911
97,2023-01-05,8.27,8.26,8.29,8.19,2181900.0,18004800.0,2.703911
98,2023-01-06,8.26,8.27,8.39,8.23,3086100.0,25657753.0,2.703911
99,2023-01-09,8.31,8.38,8.45,8.28,3162920.0,26526971.0,2.703911
100,2023-01-10,8.45,8.4,8.46,8.3,2891011.0,24181037.0,2.703911
101,2023-01-11,8.43,8.36,8.46,8.33,2736600.0,23001425.0,2.703911
102,2023-01-12,8.36,8.39,8.45,8.32,1871011.0,15705844.0,2.703911
103,2023-01-13,8.43,8.41,8.48,8.37,2218900.0,18688574.0,2.703911
104,2023-01-16,8.41,8.44,8.59,8.38,2265112.0,19116517.0,2.703911
105,2023-01-17,8.45,9.28,9.28,8.44,11748517.0,105724280.0,2.703911
106,2023-01-18,10.21,10.21,10.21,10.21,15356700.0,156791907.0,2.703911
107,2023-01-19,11.23,11.23,11.23,10.99,25478620.0,285956254.0,2.703911
108,2023-01-20,10.11,10.11,10.7,10.11,34197616.0,353274109.0,2.703911
109,2023-01-30,9.85,10.6,11.0,9.83,51440074.0,536051780.0,2.703911
110,2023-01-31,10.12,9.86,10.16,9.62,35771645.0,353181443.0,2.703911
111,2023-02-01,9.86,10.23,10.33,9.8,33808290.0,341243939.0,2.703911
112,2023-02-02,10.25,10.45,10.45,10.01,30381668.0,311337277.0,2.703911
113,2023-02-03,10.32,10.17,10.49,10.11,24300518.0,248562369.0,2.703911
114,2023-02-06,10.1,10.1,10.29,9.95,14401507.0,146135045.0,2.703911
115,2023-02-07,10.06,10.11,10.18,9.99,11819998.0,118997465.0,2.703911
116,2023-02-08,10.06,9.98,10.13,9.85,10177637.0,101440800.0,2.703911
117,2023-02-09,9.91,10.09,10.22,9.89,10839140.0,109036141.0,2.703911
118,2023-02-10,10.09,10.18,10.29,9.96,12415985.0,125572211.0,2.703911
119,2023-02-13,10.33,10.43,11.0,10.14,28418454.0,299318706.0,2.703911
120,2023-02-14,10.33,10.5,10.75,10.3,25001095.0,262016731.0,2.703911
121,2023-02-15,10.35,10.33,10.58,10.23,18288430.0,189129663.0,2.703911
122,2023-02-16,10.33,9.95,10.45,9.85,18653610.0,189490048.0,2.703911
123,2023-02-17,9.88,9.84,10.03,9.78,9533900.0,94270745.0,2.703911
124,2023-02-20,9.84,9.97,9.99,9.8,8040060.0,79819267.0,2.703911
125,2023-02-21,9.95,10.0,10.13,9.91,7265456.0,72744730.0,2.703911
126,2023-02-22,10.03,9.97,10.11,9.89,5373000.0,53557231.0,2.703911
127,2023-02-23,10.1,9.98,10.19,9.92,8667800.0,87183068.0,2.703911
128,2023-02-24,9.89,9.89,10.02,9.81,6021400.0,59515160.0,2.703911
129,2023-02-27,9.87,9.66,9.89,9.66,6450720.0,62870850.0,2.703911
130,2023-02-28,9.71,9.72,9.81,9.58,4606115.0,44621620.0,2.703911
131,2023-03-01,9.71,9.8,9.8,9.65,4470439.0,43591226.0,2.703911
132,2023-03-02,9.77,9.7,9.84,9.6,7773070.0,75489852.0,2.703911
133,2023-03-03,9.77,10.02,10.4,9.72,15563500.0,155841210.0,2.703911
134,2023-03-06,9.96,9.7,9.98,9.65,10620200.0,103496178.0,2.703911
135,2023-03-07,9.71,9.43,9.71,9.43,7305429.0,69546499.0,2.703911
136,2023-03-08,9.4,9.56,9.57,9.35,3651400.0,34692901.0,2.703911
137,2023-03-09,9.56,9.6,9.6,9.49,3084400.0,29485189.0,2.703911
138,2023-03-10,9.5,9.36,9.58,9.35,3887000.0,36642487.0,2.703911
139,2023-03-13,9.35,9.23,9.41,9.12,5510060.0,50812622.0,2.703911
140,2023-03-14,9.28,9.13,9.28,8.92,5305391.0,48209954.0,2.703911
141,2023-03-15,9.15,9.26,9.37,9.14,3707440.0,34351736.0,2.703911
142,2023-03-16,9.19,9.03,9.24,8.98,3697020.0,33614794.0,2.703911
143,2023-03-17,9.13,9.02,9.19,9.01,5035873.0,45716457.0,2.703911
144,2023-03-20,9.13,9.11,9.14,8.96,3962960.0,35894785.0,2.703911
145,2023-03-21,9.16,9.28,9.29,9.03,4126600.0,37972673.0,2.703911
146,2023-03-22,9.23,9.37,9.49,9.21,5785060.0,54237788.0,2.703911
147,2023-03-23,9.33,10.31,10.31,9.3,17906212.0,180503231.0,2.703911
148,2023-03-24,10.61,10.17,10.76,10.06,46747330.0,483435922.0,2.703911
149,2023-03-27,10.15,10.18,10.3,10.04,23181987.0,235648205.0,2.703911
150,2023-03-28,10.07,9.93,10.24,9.9,17336620.0,173883554.0,2.703911
151,2023-03-29,9.88,9.93,10.1,9.87,10736260.0,107034152.0,2.703911
152,2023-03-30,9.89,10.0,10.22,9.89,15357969.0,154716979.0,2.703911
153,2023-03-31,9.9,9.99,10.1,9.88,10964364.0,109152911.0,2.703911
154,2023-04-03,10.01,10.19,10.2,9.97,16115132.0,163285150.0,2.703911
155,2023-04-04,10.16,10.43,10.89,10.05,33109942.0,347959438.0,2.703911
156,2023-04-06,10.21,10.3,10.74,10.15,28739362.0,300001182.0,2.703911
157,2023-04-07,10.48,10.43,10.59,10.22,20941795.0,217351933.0,2.703911
158,2023-04-10,10.38,10.05,10.6,10.04,18856175.0,193420303.0,2.703911
159,2023-04-11,10.16,9.99,10.18,9.77,10398680.0,103446153.0,2.703911
160,2023-04-12,9.94,10.01,10.06,9.84,10070760.0,100082522.0,2.703911
161,2023-04-13,9.97,9.53,9.97,9.51,14032960.0,135683445.0,2.703911
162,2023-04-14,9.61,9.63,9.76,9.55,6973900.0,67336207.0,2.703911
163,2023-04-17,9.63,9.45,9.69,9.37,6492300.0,61435445.0,2.703911
164,2023-04-18,9.48,9.37,9.58,9.18,9163600.0,85845664.0,2.703911
165,2023-04-19,9.35,9.45,9.67,9.24,8981482.0,85362871.0,2.703911
166,2023-04-20,9.35,9.45,9.56,9.25,8289960.0,77765005.0,2.703911
167,2023-04-21,9.43,9.0,9.61,9.0,11255400.0,104913218.0,2.703911
168,2023-04-24,9.11,9.12,9.28,9.0,6287035.0,57582554.0,2.703911
169,2023-04-25,8.95,8.66,9.1,8.55,8049220.0,70261735.0,2.703911
170,2023-04-26,8.6,8.97,9.04,8.56,6425440.0,57232881.0,2.703911
171,2023-04-27,8.97,8.8,9.1,8.8,4762900.0,42582163.0,2.703911
172,2023-04-28,8.84,9.0,9.02,8.82,3713939.0,33200864.0,2.703911
173,2023-05-04,8.9,8.91,9.05,8.85,4156900.0,37096836.0,2.703911
174,2023-05-05,8.9,8.63,8.9,8.6,4998000.0,43373624.0,2.703911
175,2023-05-08,8.65,8.67,8.77,8.63,3030786.0,26313488.0,2.703911
176,2023-05-09,8.67,8.45,8.69,8.45,4673000.0,39773416.0,2.703911
177,2023-05-10,8.4,8.54,8.6,8.39,3120000.0,26531793.0,2.703911
178,2023-05-11,8.55,8.61,8.68,8.48,2949600.0,25321390.0,2.703911
179,2023-05-12,8.61,8.44,8.66,8.42,2970471.0,25234145.0,2.703911
180,2023-05-15,8.4,8.5,8.5,8.36,3048740.0,25726593.0,2.703911
181,2023-05-16,8.5,8.37,8.5,8.35,2786000.0,23418716.0,2.703911
182,2023-05-17,8.37,8.65,8.65,8.37,4451740.0,38066173.0,2.703911
183,2023-05-18,8.68,8.8,8.82,8.6,4702702.0,41052533.0,2.703911
184,2023-05-19,8.8,8.79,8.82,8.71,3238102.0,28414152.0,2.703911
185,2023-05-22,8.77,8.82,8.87,8.74,2579900.0,22699279.0,2.703911
186,2023-05-23,8.81,8.71,8.87,8.69,2900200.0,25438584.0,2.703911
187,2023-05-24,8.68,8.76,8.82,8.62,2379768.0,20876903.0,2.703911
188,2023-05-25,8.74,8.71,8.82,8.59,2832000.0,24588438.0,2.703911
189,2023-05-26,8.75,8.87,8.9,8.58,4025900.0,35366792.0,2.703911
190,2023-05-29,8.93,8.68,8.93,8.68,2514900.0,22045741.0,2.703911
191,2023-05-30,8.66,8.93,9.24,8.66,8978200.0,80281063.0,2.703911
192,2023-05-31,8.92,8.88,9.12,8.8,6224500.0,55371213.0,2.703911
193,2023-06-01,8.85,8.79,8.89,8.7,4361960.0,38327197.0,2.703911
194,2023-06-02,8.82,8.91,9.07,8.76,4183402.0,37273990.0,2.703911
195,2023-06-05,8.89,8.97,9.08,8.86,3435800.0,30822909.0,2.703911
196,2023-06-06,8.92,8.72,9.05,8.66,3642900.0,32018863.0,2.703911
197,2023-06-07,8.68,9.18,9.19,8.6,11521787.0,103718399.0,2.703911
198,2023-06-08,9.49,9.05,9.71,9.01,22755720.0,212227521.0,2.703911
199,2023-06-09,9.01,9.96,9.96,8.97,26494821.0,252655959.0,2.703911
200,2023-06-12,10.05,10.96,10.96,10.05,35126600.0,367037679.0,2.703911
201,2023-06-13,11.0,10.41,11.39,10.23,54683803.0,583200949.0,2.703911
202,2023-06-14,10.15,11.45,11.45,10.15,37000733.0,406762573.0,2.703911
203,2023-06-15,12.6,12.6,12.6,12.02,31023537.0,388672424.0,2.703911
204,2023-06-16,11.9,12.08,12.44,11.6,65595217.0,791800198.0,2.703911
205,2023-06-19,12.01,12.27,12.98,12.01,60782486.0,758951877.0,2.703911
206,2023-06-20,11.61,11.41,12.05,11.21,45819313.0,530428897.0,2.703911
207,2023-06-21,11.25,11.09,11.75,11.0,30097305.0,339810540.0,2.703911
208,2023-06-26,11.0,10.77,11.3,10.66,20591232.0,225873909.0,2.703911
209,2023-06-27,10.54,10.76,10.87,10.5,17853772.0,190729432.0,2.703911
210,2023-06-28,10.65,10.93,11.05,10.49,29171232.0,316773399.0,2.703911
211,2023-06-29,10.78,10.87,10.99,10.7,22882020.0,248286195.0,2.703911
212,2023-06-30,10.72,10.86,10.95,10.65,20472132.0,221669957.0,2.703911
213,2023-07-03,10.8,10.98,11.24,10.75,27916480.0,307698317.0,2.703911
214,2023-07-04,10.97,11.39,11.55,10.87,30264516.0,341127772.0,2.703911
215,2023-07-05,11.45,10.96,11.49,10.85,22757580.0,253121429.0,2.703911
216,2023-07-06,10.8,11.15,11.23,10.63,16605561.0,182918353.0,2.703911
217,2023-07-07,10.97,10.78,11.11,10.75,15170700.0,164782550.0,2.703911
218,2023-07-10,10.78,10.62,10.88,10.58,10528363.0,112400418.0,2.703911
219,2023-07-11,10.6,10.96,11.03,10.56,12598020.0,136638069.0,2.703911
220,2023-07-12,10.87,10.8,11.18,10.74,11832500.0,129733133.0,2.703911
221,2023-07-13,10.8,10.88,10.98,10.68,7963400.0,86231124.0,2.703911
222,2023-07-14,10.85,10.91,11.04,10.56,10205360.0,110907984.0,2.703911
223,2023-07-17,10.65,10.52,10.69,10.31,11959700.0,125209124.0,2.703911
224,2023-07-18,10.52,10.55,10.69,10.41,7624579.0,80666904.0,2.703911
225,2023-07-19,10.54,10.46,10.6,10.37,5834800.0,60965539.0,2.703911
226,2023-07-20,10.42,10.16,10.5,10.1,8285500.0,85025008.0,2.703911
227,2023-07-21,10.11,9.95,10.24,9.92,6374960.0,64017295.0,2.703911
228,2023-07-24,9.92,9.93,10.07,9.83,3963200.0,39478975.0,2.703911
229,2023-07-25,9.98,10.05,10.11,9.97,5235800.0,52606088.0,2.703911
230,2023-07-26,10.04,9.66,10.05,9.6,9498198.0,92428475.0,2.703911
231,2023-07-27,9.75,9.61,9.9,9.58,5194800.0,50421353.0,2.703911
232,2023-07-28,9.6,9.66,9.74,9.48,5730800.0,55227454.0,2.703911
233,2023-07-31,9.71,9.69,9.83,9.59,5435360.0,52892986.0,2.703911
234,2023-08-01,9.66,9.6,9.82,9.54,6133500.0,59077490.0,2.703911
235,2023-08-02,9.55,9.66,9.7,9.51,4738080.0,45626265.0,2.703911
236,2023-08-03,9.66,9.52,9.66,9.51,4789920.0,45764724.0,2.703911
237,2023-08-04,9.53,9.59,9.62,9.53,3885400.0,37230080.0,2.703911
238,2023-08-07,9.56,9.61,9.83,9.52,7582700.0,73395426.0,2.703911
239,2023-08-08,9.66,9.55,9.98,9.49,13913700.0,134811135.0,2.703911
240,2023-08-09,9.6,9.36,9.6,9.33,7747200.0,73000540.0,2.703911
241,2023-08-10,9.3,9.31,9.44,9.27,4688100.0,43753136.0,2.703911
242,2023-08-11,9.29,9.21,9.39,9.2,3541700.0,32928016.0,2.703911
243,2023-08-14,9.28,9.27,9.3,9.1,3256995.0,29895660.0,2.703911
244,2023-08-15,9.26,9.15,9.32,9.1,2880601.0,26385927.0,2.703911
245,2023-08-16,9.14,9.04,9.17,9.02,3108300.0,28225039.0,2.703911
246,2023-08-17,9.03,9.34,9.4,8.97,6176560.0,57033492.0,2.703911
247,2023-08-18,9.41,9.21,9.46,9.2,3555920.0,33195301.0,2.703911
248,2023-08-21,9.26,9.19,9.37,9.18,3500400.0,32475343.0,2.703911
249,2023-08-22,9.19,9.18,9.28,8.93,4657460.0,42237287.0,2.703911
250,2023-08-23,9.18,8.99,9.18,8.97,2987200.0,27041447.0,2.703911
251,2023-08-24,9.06,8.98,9.13,8.87,4030400.0,36338205.0,2.703911
252,2023-08-25,8.99,8.75,8.99,8.7,4806900.0,42367960.0,2.703911
253,2023-08-28,9.17,8.83,9.29,8.8,4746273.0,42785416.0,2.703911
254,2023-08-29,8.85,9.23,9.24,8.82,7406308.0,67731177.0,2.703911
255,2023-08-30,9.2,9.37,9.49,9.16,7013458.0,65768781.0,2.703911
256,2023-08-31,9.37,9.32,9.38,9.23,3668900.0,34141691.0,2.703911
257,2023-09-01,9.32,9.3,9.36,9.15,3919400.0,36276885.0,2.703911
258,2023-09-04,9.3,9.45,9.47,9.3,4756380.0,44792080.0,2.703911
259,2023-09-05,9.39,10.4,10.4,9.33,20693118.0,210786474.0,2.703911
260,2023-09-06,11.4,11.44,11.44,11.12,23230795.0,263832903.0,2.703911
261,2023-09-07,12.54,10.97,12.57,10.68,76479947.0,886973285.0,2.703911
262,2023-09-08,9.95,10.44,10.92,9.95,53378718.0,559082039.0,2.703911
263,2023-09-11,10.68,10.72,11.48,10.68,60698139.0,672600723.0,2.703911
264,2023-09-12,10.3,10.47,10.77,10.3,41774855.0,438438842.0,2.703911
265,2023-09-13,10.41,9.98,10.42,9.8,32492919.0,325487387.0,2.703911
266,2023-09-14,10.09,9.86,10.13,9.85,23072219.0,230115657.0,2.703911
267,2023-09-15,9.92,9.65,9.95,9.6,17820825.0,172587017.0,2.703911
268,2023-09-18,9.67,9.78,9.94,9.61,17448100.0,171118719.0,2.703911
269,2023-09-19,9.78,9.5,9.78,9.46,13988321.0,133840332.0,2.703911
270,2023-09-20,9.41,9.41,9.62,9.41,9638500.0,91664410.0,2.703911
271,2023-09-21,9.38,9.49,9.54,9.33,10905299.0,103117217.0,2.703911
272,2023-09-22,9.4,9.83,10.04,9.4,23090419.0,225479935.0,2.703911
273,2023-09-25,9.78,9.85,10.01,9.78,17737621.0,175459220.0,2.703911
274,2023-09-26,9.84,9.77,9.94,9.7,9943576.0,97575479.0,2.703911
275,2023-09-27,9.7,9.68,9.87,9.58,9085900.0,88609150.0,2.703911
276,2023-09-28,9.71,9.97,10.08,9.71,13079901.0,130168429.0,2.703911
277,2023-10-09,10.0,10.02,10.15,9.96,11077800.0,111281193.0,2.703911
278,2023-10-10,10.02,10.09,10.14,9.9,10328700.0,103921259.0,2.703911
279,2023-10-11,10.09,10.17,10.21,9.98,13386400.0,135342511.0,2.703911
280,2023-10-12,10.2,10.28,10.29,10.07,13722400.0,140305548.0,2.703911
281,2023-10-13,10.25,10.39,10.54,10.18,16233000.0,168914400.0,2.703911
282,2023-10-16,10.44,10.29,10.49,10.2,12248500.0,126253156.0,2.703911
283,2023-10-17,10.32,10.16,10.34,10.06,8875500.0,89862714.0,2.703911
284,2023-10-18,10.2,10.04,10.2,10.02,6398800.0,64532302.0,2.703911
285,2023-10-19,10.01,9.94,10.16,9.91,6983514.0,69972366.0,2.703911
286,2023-10-20,9.85,9.82,10.19,9.8,5930600.0,58877029.0,2.703911
287,2023-10-23,9.83,9.53,9.95,9.45,6772000.0,65389486.0,2.703911
288,2023-10-24,9.65,9.72,9.83,9.58,5662540.0,55010054.0,2.703911
289,2023-10-25,9.77,10.06,10.1,9.7,7700000.0,76742992.0,2.703911
290,2023-10-26,10.0,10.17,10.19,9.84,8048499.0,80885791.0,2.703911
291,2023-10-27,10.18,10.42,11.01,10.12,20637160.0,216862093.0,2.703911
292,2023-10-30,10.5,10.31,10.57,10.25,12044259.0,124482244.0,2.703911
293,2023-10-31,10.36,11.34,11.34,10.36,11126272.0,123804014.0,2.703911
294,2023-11-01,11.5,10.94,11.5,10.68,47164390.0,514234342.0,2.703911
295,2023-11-02,10.9,10.69,11.26,10.61,26192223.0,281659765.0,2.703911
296,2023-11-03,10.68,10.69,10.79,10.53,20956439.0,223245896.0,2.703911
297,2023-11-06,10.74,10.81,10.96,10.65,23146308.0,248912820.0,2.703911
298,2023-11-07,10.71,11.05,11.16,10.7,29463930.0,321717933.0,2.703911
299,2023-11-08,10.95,10.92,10.95,10.74,18044730.0,195487797.0,2.703911
300,2023-11-09,10.81,10.69,10.92,10.62,14477100.0,155421627.0,2.703911
301,2023-11-10,10.69,10.61,10.79,10.56,9080350.0,96833711.0,2.703911
302,2023-11-13,10.7,10.89,10.98,10.69,14985290.0,162608574.0,2.703911
303,2023-11-14,10.83,10.95,11.06,10.72,14195940.0,155078523.0,2.703911
304,2023-11-15,11.05,12.05,12.05,10.95,19126982.0,224219621.0,2.703911
305,2023-11-16,12.34,11.47,12.34,11.33,51230640.0,596016272.0,2.703911
306,2023-11-17,11.48,12.62,12.62,11.48,21422823.0,264425143.0,2.703911
307,2023-11-20,13.3,13.88,13.88,13.01,86792408.0,1178582033.0,2.703911
308,2023-11-21,13.22,15.27,15.27,13.22,82338444.0,1222045363.0,2.703911
309,2023-11-22,14.0,13.75,14.97,13.74,83805454.0,1176089732.0,2.703911
310,2023-11-23,13.74,12.38,13.74,12.38,51376926.0,652423524.0,2.703911
311,2023-11-24,12.02,11.79,12.45,11.7,33390000.0,399641604.0,2.703911
312,2023-11-27,11.8,11.81,11.98,11.67,21705696.0,256534196.0,2.703911
313,2023-11-28,11.59,11.95,12.09,11.52,20951745.0,248955607.0,2.703911
314,2023-11-29,11.91,12.0,12.3,11.85,24361820.0,294277353.0,2.703911
315,2023-11-30,11.96,11.77,12.05,11.61,19125612.0,225242854.0,2.703911
316,2023-12-01,11.71,11.96,11.98,11.53,15512300.0,183514355.0,2.703911
317,2023-12-04,12.0,12.08,12.17,11.95,15693219.0,189432713.0,2.703911
318,2023-12-05,11.98,12.27,12.38,11.75,30176636.0,365824544.0,2.703911
319,2023-12-06,12.27,12.39,12.48,12.0,31919262.0,391013678.0,2.703911
320,2023-12-07,12.22,11.8,12.23,11.75,19742636.0,234942277.0,2.703911
321,2023-12-08,11.76,11.39,11.95,11.36,22496904.0,259696301.0,2.703911
322,2023-12-11,11.31,11.46,11.54,11.25,10539635.0,120169860.0,2.703911
323,2023-12-12,11.47,11.53,11.55,11.33,9150200.0,105002075.0,2.703911
324,2023-12-13,11.45,11.43,11.59,11.42,8439716.0,96986811.0,2.703911
325,2023-12-14,11.44,11.2,11.48,11.16,12545900.0,141381368.0,2.703911
326,2023-12-15,11.18,11.12,11.26,11.07,7771960.0,86585650.0,2.703911
327,2023-12-18,11.12,10.99,11.18,10.94,6972300.0,77089530.0,2.703911
328,2023-12-19,11.04,11.0,11.05,10.9,5927600.0,65111280.0,2.703911
329,2023-12-20,11.01,10.88,11.1,10.86,5330700.0,58477864.0,2.703911
330,2023-12-21,10.77,10.95,10.96,10.65,7454560.0,80599205.8,2.703911
331,2023-12-22,10.82,10.72,10.98,10.7,5669400.0,61471444.0,2.703911
332,2023-12-25,10.72,10.8,10.85,10.65,4843900.0,52080182.0,2.703911
333,2023-12-26,10.88,10.57,10.89,10.56,6118700.0,65078291.96,2.703911
334,2023-12-27,10.57,10.77,10.85,10.57,6143760.0,66035253.6,2.703911
335,2023-12-28,10.71,10.95,10.99,10.57,6671400.0,72373157.0,2.703911
336,2023-12-29,10.93,11.18,11.2,10.91,6669000.0,74100389.0,2.703911
337,2024-01-02,11.1,11.14,11.24,11.06,5495300.0,61411422.0,2.703911
338,2024-01-03,11.14,11.03,11.2,10.92,5387600.0,59490505.0,2.703911
339,2024-01-04,11.02,11.22,11.33,10.93,11220800.0,125405674.6,2.703911
340,2024-01-05,11.07,10.92,11.29,10.84,9492100.0,104955025.0,2.703911
341,2024-01-08,10.9,10.77,11.0,10.68,5351120.0,58056872.4,2.703911
342,2024-01-09,10.81,10.8,11.03,10.7,4830400.0,52515792.0,2.703911
343,2024-01-10,10.82,10.6,10.86,10.49,5300900.0,56485715.0,2.703911
344,2024-01-11,10.6,10.98,10.98,10.56,5935200.0,64377108.0,2.703911
345,2024-01-12,11.0,10.78,11.09,10.75,4812300.0,52515655.0,2.703911
346,2024-01-15,10.76,10.66,10.8,10.6,4004700.0,42851169.0,2.703911
347,2024-01-16,10.63,10.7,10.75,10.48,4446680.0,47158137.2,2.703911
348,2024-01-17,10.73,10.38,10.73,10.3,3720180.0,39010011.8,2.703911
349,2024-01-18,10.27,10.26,10.4,9.97,6518476.0,66087838.12,2.703911
350,2024-01-19,10.26,10.1,10.3,10.1,3738300.0,38040918.0,2.703911
351,2024-01-22,10.24,9.47,10.24,9.34,6171800.0,59982024.0,2.703911
352,2024-01-23,9.47,9.39,9.48,9.2,5454400.0,50936278.0,2.703911
353,2024-01-24,9.45,9.52,9.6,9.16,5557480.0,52394628.6,2.703911
354,2024-01-25,9.5,10.03,10.05,9.47,7531600.0,73876537.0,2.703911
355,2024-01-26,10.1,10.14,10.31,10.0,6140001.0,62433351.12,2.703911
356,2024-01-29,10.14,9.54,10.18,9.51,6128100.0,59437598.7,2.703911
357,2024-01-30,9.45,9.26,9.59,9.22,4146000.0,38916080.58,2.703911
358,2024-01-31,9.13,8.47,9.24,8.46,8064020.0,70741364.2,2.703911
359,2024-02-01,8.45,8.29,8.5,8.09,6643000.0,55195012.8,2.703911
360,2024-02-02,8.29,7.83,8.52,7.52,7702800.0,61478970.2,2.703911
361,2024-02-05,7.82,7.05,7.83,7.05,6936400.0,49294472.0,2.703911
362,2024-02-06,6.43,6.63,6.99,6.35,16747211.0,108634582.37,2.703911
363,2024-02-07,6.63,6.09,6.65,6.07,14952946.0,93807336.3,2.703911
364,2024-02-08,6.07,6.59,6.68,5.8,13518925.0,85582256.54,2.703911
